0.0,0.0
0.1,0.0
0.2,0.0
0.3,0.0
0.4,0.0
0.5,0.0
0.6,0.0
0.7,0.0
0.8,0.0
0.9,0.0
1.0,19.409354008404442
1.1,22.08728014725782
1.2,24.69788474793852
1.3,27.260186802317165
1.4,29.760008226684178
1.5,32.2159040070884
1.6,34.635492591504054
1.7,36.89215390529133
1.8,39.18475727239653
1.9,41.340078444065995
2.0,43.43473784264313
2.1,45.44184894243309
2.2,47.35821205606725
2.3,49.15355802817807
2.4,50.93253547577596
2.5,52.61840026131727
2.6,54.14078246294062
2.7,55.86091334770894
2.8,57.12447932351645
2.9,58.58415476210865
3.0,59.76966846725483
3.1,60.736556783233915
3.2,61.51688519374798
3.3,62.16882862107845
3.4,62.24923983121567
3.5,62.1248787730625
3.6,62.12981592202138
3.7,62.59513433922073
3.8,62.48248533675945
3.9,62.40337633037653
4.0,62.35544924050462
4.1,62.44236369125093
4.2,62.91597680937038
4.3,63.13125710200432
4.4,63.180097344367304
4.5,63.2777170380237
4.6,62.38061302330565
4.7,62.43878604586933
4.8,62.033274760198125
4.9,61.77076903009875
5.0,61.83301719443354
5.1,61.41785874390362
5.2,61.07838032255868
5.3,60.556785942184995
5.4,60.63981774206105
5.5,60.966589525306276
5.6,60.843841584272504
5.7,60.44397436913688
5.8,60.14780439837509
5.9,59.81030473952957
6.0,59.6162249674004
6.1,59.53948585122504
6.2,59.68761151007218
6.3,59.520167156775095
6.4,59.599431650791644
6.5,59.207068571141654
6.6,58.76183270270782
6.7,58.400478478113506
6.8,57.50526839783904
6.9,57.32158162183588
7.0,57.004369979768114
7.1,56.9621688318526
7.2,56.81717324069137
7.3,56.044833804030716
7.4,56.00305591395593
7.5,56.04015865639967
7.6,55.68237161750665
7.7,55.91744389984515
7.8,55.35502711110864
7.9,55.51661592097981
8.0,55.295825987028316
8.1,55.13438122775035
8.2,55.020854162274084
8.3,54.539444513748194
8.4,54.18493647888936
8.5,53.45570034450961
8.6,53.33002027277519
8.7,53.50500182568834
8.8,53.126553269838205
8.9,53.14232169320878
9.0,53.27175680936906
9.1,53.04689772747271
9.2,53.20430108037181
9.3,52.988387841636666
9.4,52.30129759293378
9.5,51.957967860522544
9.6,50.963334923630086
9.7,51.023790193128924
9.8,50.646492665848946
9.9,50.82160460485168
10.0,50.921149873826685
10.1,50.55234896368309
10.2,50.13094354819192
10.3,50.07750986411295
10.4,50.150444692607174
10.5,49.922565773041036
10.6,49.22200979862694
10.7,48.32899298127164
10.8,48.009503399600966
10.9,47.97278805258004
11.0,47.741044301677505
11.1,47.04802404550809
11.2,47.485019914616
11.3,47.060700189200645
11.4,46.42189500400734
11.5,46.09646438808293
11.6,45.88110858867866
11.7,45.4122398013053
11.8,45.07483862143801
11.9,45.141238772364105
12.0,44.927907030830696
12.1,45.14478825035593
12.2,44.97426436090566
12.3,44.62383432578357
12.4,44.4173981723741
12.5,44.76135261251228
12.6,44.61813160758505
12.7,44.308169503995416
12.8,43.89916552658315
12.9,44.13330025763407
13.0,44.16845547482669
13.1,43.802219967877456
13.2,43.750897052360415
13.3,43.180954099885156
13.4,42.74946418529489
13.5,42.04368702927492
13.6,42.141899929221566
13.7,41.073749276831826
13.8,40.64166158444041
13.9,40.57458751432165
14.0,39.684774476769405
14.1,39.50568852997454
14.2,39.67418913520376
14.3,39.09711388318092
14.4,38.48144820923665
14.5,38.38579907675228
14.6,37.793178803133934
14.7,37.67113757832361
14.8,37.51726716195477
14.9,37.05956460928267
15.0,36.188179950858135
15.1,35.531280105655696
15.2,34.99047246712998
15.3,34.54752943683001
15.4,33.9583873800347
15.5,33.264263977031824
15.6,32.29153095586572
15.7,31.902755122795387
15.8,32.00391071363022
15.9,31.644853426462966
16.0,31.30740322034641
16.1,30.73048805844677
16.2,30.38557803770905
16.3,29.69977980283836
16.4,29.513066585944177
16.5,29.2643529866623
16.6,29.2232513156508
16.7,29.094503857252352
16.8,28.936118788196833
16.9,28.489296601457596
17.0,28.363585012259325
17.1,28.13152821689908
17.2,27.921844809440152
17.3,27.534939479937176
17.4,27.377424690913823
17.5,27.35879073435203
17.6,26.899696165070004
17.7,26.72220944546496
17.8,26.474220002297976
17.9,26.434780384192596
18.0,26.225516440836675
18.1,25.606166144081513
18.2,25.027091892406816
18.3,24.448000924699443
18.4,24.388992871735017
18.5,23.994421320763575
18.6,23.800518255578734
18.7,23.47707890527747
18.8,23.987577678614784
18.9,23.881259320342544
19.0,23.560887631581178
19.1,23.69567420933518
19.2,23.503399356083136
19.3,23.131186163963424
19.4,22.90217756814452
19.5,22.50092202866032
19.6,22.012370834662818
19.7,21.437808001414002
19.8,21.093928041890123
19.9,20.565894308815004
20.0,20.36551256311732
20.1,19.942717911235597
20.2,19.740038106202807
20.3,19.28050554573285
20.4,18.92659169936141
20.5,18.427979238083612
20.6,18.07548880494607
20.7,17.970258214851278
20.8,17.479274965239668
20.9,16.954676143856624
21.0,16.345545914803427
21.1,16.02880767931489
21.2,15.861319389446672
21.3,15.767752511633798
21.4,15.591306038611805
21.5,15.479082991007898
21.6,15.250861473685637
21.7,14.699808783996476
21.8,14.448770630923773
21.9,14.106190441831618
22.0,14.26064165980376
22.1,13.989800457878966
22.2,13.79058042063234
22.3,13.51785743560747
22.4,13.391197557303194
22.5,12.997237868797932
22.6,12.9729918147137
22.7,12.842207337611525
22.8,12.542020037401294
22.9,12.301135825164323
23.0,12.033220897439167
23.1,11.768599625840997
23.2,11.618215828289737
23.3,11.874178664128722
23.4,11.989257129556439
23.5,11.687219762893037
23.6,11.496815747740543
23.7,11.399807496212055
23.8,11.390900424242444
23.9,11.147639456246287
24.0,11.063855971737983
24.1,10.878888622802531
24.2,10.520944295339854
24.3,10.263778879726562
24.4,10.010469708266665
24.5,9.6654513120576
24.6,9.512922565473705
24.7,9.260165397282256
24.8,9.559724765808127
24.9,9.405026886925654
25.0,9.251540254469385
25.1,8.770004709575113
25.2,8.851988674796315
25.3,8.812558785000768
25.4,8.702511936542448
25.5,8.562094944946752
25.6,8.299677431634157
25.7,8.315973143632059
25.8,8.132586532690397
25.9,7.959587079936261
26.0,7.9381332338776955
26.1,7.872761538282284
26.2,7.752300207482521
26.3,7.617814924349762
26.4,7.507881951742614
26.5,7.372669060885507
26.6,7.325426013080981
26.7,7.339932673436214
26.8,7.439878963900768
26.9,7.344443714192969
27.0,7.113277182788838
27.1,7.026915664292717
27.2,6.70315284128642
27.3,6.648698808417462
27.4,6.624153702818292
27.5,6.477257155059751
27.6,6.641066906998121
27.7,6.511147636801347
27.8,6.4087101561355535
27.9,6.333092125184903
28.0,6.306328900573841
28.1,6.1765307112106695
28.2,6.174069858844078
28.3,6.063997451188977
28.4,5.809737253376101
28.5,5.713020588597169
28.6,5.53396336293384
28.7,5.568702599513191
28.8,5.688955313798904
28.9,5.5434803451178984
29.0,5.336091776103909
29.1,5.124706908019222
29.2,4.928144018352231
29.3,4.894112167991798
29.4,4.867877647559233
29.5,4.882105753189942
29.6,4.683747287415075
29.7,4.445364096766513
29.8,4.39488612581657
29.9,4.161665137282827
30.0,4.098855251479477
30.1,3.9611665825702587
30.2,3.984351657234273
30.3,3.852818761632839
30.4,3.7699246023330053
30.5,3.6850494120758155
30.6,3.5878852891851523
30.7,3.6477743699651715
30.8,3.5591378140131065
30.9,3.458490855009077
31.0,3.393906780318201
31.1,3.198251462049926
31.2,3.1362032301756892
31.3,3.0663560913298062
31.4,3.0619626874381307
31.5,2.9247316034209394
31.6,2.897057753353719
31.7,2.847554307187874
31.8,2.7067016479198567
31.9,2.697717510236055
32.0,2.737261995818141
32.1,2.8314628740074053
32.2,2.677973835763844
32.3,2.756814873697213
32.4,2.6140884019163138
32.5,2.5309821178395753
32.6,2.5745635462412437
32.7,2.477643998976768
32.8,2.3642220861596144
32.9,2.2648918662834645
33.0,2.109668222854971
33.1,2.253765813179691
33.2,2.2532978521826834
33.3,2.184209827972489
33.4,2.3151702543616524
33.5,2.2976592940395046
33.6,2.141760947815997
33.7,2.1160833135884607
33.8,2.0080475159973687
33.9,1.8857061580757404
34.0,1.7838014579097594
34.1,1.7329475137682735
34.2,1.685333636469872
34.3,1.6791177260758836
34.4,1.5828777156452578
34.5,1.5467406213663777
34.6,1.426835192220031
34.7,1.4071627247610157
34.8,1.410964254196785
34.9,1.4332514003752097
35.0,1.4452391948157488
35.1,1.3208253105219045
35.2,1.3446167813173067
35.3,1.346658355544553
35.4,1.3869505887070175
35.5,1.3353296731323057
35.6,1.344100024499543
35.7,1.400241618618971
35.8,1.3259819697116058
35.9,1.2658908382732261
36.0,1.2487055322436713
36.1,1.195908980764868
36.2,1.2476528854068138
36.3,1.1979619256973257
36.4,1.155521056596125
36.5,1.1289387468151453
36.6,1.1844058278004543
36.7,1.1781423647198923
36.8,1.1869916358871913
36.9,1.2221259694421047
37.0,1.164247038946217
37.1,1.1110528074830097
37.2,1.0414946857510732
37.3,1.0122782500114027
37.4,0.8997101754184764
37.5,0.9733304057740838
37.6,0.9616873476954167
37.7,0.9276421219738762
37.8,0.9121296862566048
37.9,0.8888012960422972
38.0,0.8769390134846524
38.1,0.8399317431954746
38.2,0.8258167491077
38.3,0.8071071643389987
38.4,0.7716190983591653
38.5,0.7523775411390131
38.6,0.7302970066613347
38.7,0.7014512067844412
38.8,0.677106202152305
38.9,0.6479564578480242
39.0,0.6146506984718138
39.1,0.5902586233163871
39.2,0.5506749046851956
39.3,0.5177483470743742
39.4,0.4839293186700643
39.5,0.447581795368663
39.6,0.40942503274219233
39.7,0.3690356739005816
39.8,0.3391070540149132
39.9,0.28654065007021684
40.0,0.24442446403463416
